Latency: 50.129029163505585
Confidence: 0.8475845433304648