Acceptance Rates: [0.1, 0.2, 0.30000000000000004, 0.4, 0.5, 0.6, 0.7000000000000001, 0.8, 0.9]
k=2: [np.float64(26.126126126126128), np.float64(23.387096774193548), np.float64(20.863309352517984), np.float64(18.589743589743588), np.float64(16.571428571428573), np.float64(14.795918367346939), np.float64(13.242009132420089), np.float64(11.885245901639344), np.float64(10.701107011070112)]
k=4: [np.float64(41.40041400414004), np.float64(36.81177976952625), np.float64(32.27843660094028), np.float64(27.885548011639187), np.float64(23.741935483870968), np.float64(19.95142262317835), np.float64(16.58793408099239), np.float64(13.683960019038553), np.float64(11.232936924617224)]
k=6: [np.float64(56.70000567000057), np.float64(50.40064512825764), np.float64(44.109646779750726), np.float64(37.86203315512135), np.float64(31.748031496062993), np.float64(25.925755221364795), np.float64(20.596184344349894), np.float64(15.943619312936297), np.float64(12.075833936965298)]
k=8: [np.float64(72.000000072), np.float64(64.00003276801678), np.float64(56.00110226969598), np.float64(48.0125862113998), np.float64(40.07827788649706), np.float64(32.32576927572692), np.float64(25.009211908745222), np.float64(18.480396882046573), np.float64(13.059529181673854)]
