std_latency_ms: 8.352424334734678
fused_latency_ms: 3.4091527896876235
speedup: 2.45
